LIDAR to CAMERA Extrinsic Calibration Results (Camera as reference frame):
 Hand-eye Calibration (only rotation based VINS-Mono)

Rotation Matrix (LiDAR to Camera):
1 0 0
0 1 0
0 0 1
Translation Vector (LiDAR to Camera):
0.5   0   0
Scale:
1
LIDAR to CAMERA Extrinsic Calibration Results (Camera as reference frame):
 Hand-eye Calibration (only rotation based VINS-Mono)

Rotation Matrix (LiDAR to Camera):
1 0 0
0 1 0
0 0 1
Translation Vector (LiDAR to Camera):
0 0 0
Scale:
1
LIDAR to CAMERA Extrinsic Calibration Results (Camera as reference frame):
 Hand-eye Calibration (only rotation based VINS-Mono)

Rotation Matrix (LiDAR to Camera):
1 0 0
0 1 0
0 0 1
Translation Vector (LiDAR to Camera):
0 0 0
Scale:
1
LIDAR to CAMERA Extrinsic Calibration Results (Camera as reference frame):
 Hand-eye Calibration (only rotation based VINS-Mono)

Rotation Matrix (LiDAR to Camera):
1 0 0
0 1 0
0 0 1
Translation Vector (LiDAR to Camera):
0 0 0
Scale:
1
LIDAR to CAMERA Extrinsic Calibration Results (Camera as reference frame):
 Hand-eye Calibration (only rotation based VINS-Mono)

Rotation Matrix (LiDAR to Camera):
1 0 0
0 1 0
0 0 1
Translation Vector (LiDAR to Camera):
0 0 0
Scale:
1
LIDAR to CAMERA Extrinsic Calibration Results (Camera as reference frame):
 Hand-eye Calibration (only rotation based VINS-Mono)

Rotation Matrix (LiDAR to Camera):
1 0 0
0 1 0
0 0 1
Translation Vector (LiDAR to Camera):
0 0 0
Scale:
1
LIDAR to CAMERA Extrinsic Calibration Results (Camera as reference frame):
 Hand-eye Calibration (only rotation based VINS-Mono)

Rotation Matrix (LiDAR to Camera):
-1  0  0
 0 -1  0
 0  0  1
Translation Vector (LiDAR to Camera):
0 0 0
Scale:
1
LIDAR to CAMERA Extrinsic Calibration Results (Camera as reference frame):
 Hand-eye Calibration (only rotation based VINS-Mono)

Rotation Matrix (LiDAR to Camera):
1 0 0
0 1 0
0 0 1
Translation Vector (LiDAR to Camera):
0 0 0
Scale:
1
LIDAR to CAMERA Extrinsic Calibration Results (Camera as reference frame):
 Hand-eye Calibration (only rotation based VINS-Mono)

Rotation Matrix (LiDAR to Camera):
1 0 0
0 1 0
0 0 1
Translation Vector (LiDAR to Camera):
0 0 0
Scale:
1
LIDAR to CAMERA Extrinsic Calibration Results (Camera as reference frame):
 Hand-eye Calibration (only rotation based VINS-Mono)

Rotation Matrix (LiDAR to Camera):
1 0 0
0 1 0
0 0 1
Translation Vector (LiDAR to Camera):
0 0 0
Scale:
1
LIDAR to CAMERA Extrinsic Calibration Results (Camera as reference frame):
 Hand-eye Calibration (only rotation based VINS-Mono)

Rotation Matrix (LiDAR to Camera):
1 0 0
0 1 0
0 0 1
Translation Vector (LiDAR to Camera):
0 0 0
Scale:
1
LIDAR to CAMERA Extrinsic Calibration Results (Camera as reference frame):
 Hand-eye Calibration (only rotation based VINS-Mono)

Rotation Matrix (LiDAR to Camera):
 1  0  0
 0 -1  0
 0  0 -1
Translation Vector (LiDAR to Camera):
0 0 0
Scale:
1
LIDAR to CAMERA Extrinsic Calibration Results (Camera as reference frame):
 Hand-eye Calibration (only rotation based VINS-Mono)

Rotation Matrix (LiDAR to Camera):
1 0 0
0 1 0
0 0 1
Translation Vector (LiDAR to Camera):
0 0 0
Scale:
1
LIDAR to CAMERA Extrinsic Calibration Results (Camera as reference frame):
 Hand-eye Calibration (only rotation based VINS-Mono)

Rotation Matrix (LiDAR to Camera):
1 0 0
0 1 0
0 0 1
Translation Vector (LiDAR to Camera):
0 0 0
Scale:
1
LIDAR to CAMERA Extrinsic Calibration Results (Camera as reference frame):
 Hand-eye Calibration (only rotation based VINS-Mono)

Rotation Matrix (LiDAR to Camera):
1 0 0
0 1 0
0 0 1
Translation Vector (LiDAR to Camera):
0 0 0
Scale:
1
LIDAR to CAMERA Extrinsic Calibration Results (Camera as reference frame):
 Hand-eye Calibration (only rotation based VINS-Mono)

Rotation Matrix (LiDAR to Camera):
1 0 0
0 1 0
0 0 1
Translation Vector (LiDAR to Camera):
0 0 0
Scale:
1
LIDAR to CAMERA Extrinsic Calibration Results (Camera as reference frame):
 Hand-eye Calibration (only rotation based VINS-Mono)

Rotation Matrix (LiDAR to Camera):
1 0 0
0 1 0
0 0 1
Translation Vector (LiDAR to Camera):
0 0 0
Scale:
1
LIDAR to CAMERA Extrinsic Calibration Results (Camera as reference frame):
 Hand-eye Calibration (only rotation based VINS-Mono)

Rotation Matrix (LiDAR to Camera):
1 0 0
0 1 0
0 0 1
Translation Vector (LiDAR to Camera):
0 0 0
Scale:
1
LIDAR to CAMERA Extrinsic Calibration Results (Camera as reference frame):
 Hand-eye Calibration (only rotation based VINS-Mono)

Rotation Matrix (LiDAR to Camera):
1 0 0
0 1 0
0 0 1
Translation Vector (LiDAR to Camera):
0 0 0
Scale:
1
LIDAR to CAMERA Extrinsic Calibration Results (Camera as reference frame):
 Hand-eye Calibration (only rotation based VINS-Mono)

Rotation Matrix (LiDAR to Camera):
1 0 0
0 1 0
0 0 1
Translation Vector (LiDAR to Camera):
0 0 0
Scale:
1
LIDAR to CAMERA Extrinsic Calibration Results (Camera as reference frame):
 Hand-eye Calibration (only rotation based VINS-Mono)

Rotation Matrix (LiDAR to Camera):
1 0 0
0 1 0
0 0 1
Translation Vector (LiDAR to Camera):
0 0 0
Scale:
1
LIDAR to CAMERA Extrinsic Calibration Results (Camera as reference frame):
 Hand-eye Calibration (only rotation based VINS-Mono)

Rotation Matrix (LiDAR to Camera):
1 0 0
0 1 0
0 0 1
Translation Vector (LiDAR to Camera):
0 0 0
Scale:
1
LIDAR to CAMERA Extrinsic Calibration Results (Camera as reference frame):
 Hand-eye Calibration (only rotation based VINS-Mono)

Rotation Matrix (LiDAR to Camera):
1 0 0
0 1 0
0 0 1
Translation Vector (LiDAR to Camera):
0 0 0
Scale:
1
LIDAR to CAMERA Extrinsic Calibration Results (Camera as reference frame):
 Hand-eye Calibration (only rotation based VINS-Mono)

Rotation Matrix (LiDAR to Camera):
1 0 0
0 1 0
0 0 1
Translation Vector (LiDAR to Camera):
0 0 0
Scale:
1
LIDAR to CAMERA Extrinsic Calibration Results (Camera as reference frame):
 Hand-eye Calibration (only rotation based VINS-Mono)

Rotation Matrix (LiDAR to Camera):
1 0 0
0 1 0
0 0 1
Translation Vector (LiDAR to Camera):
0 0 0
Scale:
1
LIDAR to CAMERA Extrinsic Calibration Results (Camera as reference frame):
 Hand-eye Calibration (only rotation based VINS-Mono)

Rotation Matrix (LiDAR to Camera):
1 0 0
0 1 0
0 0 1
Translation Vector (LiDAR to Camera):
0 0 0
Scale:
1
LIDAR to CAMERA Extrinsic Calibration Results (Camera as reference frame):
 Hand-eye Calibration (only rotation based VINS-Mono)

Rotation Matrix (LiDAR to Camera):
1 0 0
0 1 0
0 0 1
Translation Vector (LiDAR to Camera):
0 0 0
Scale:
1
LIDAR to CAMERA Extrinsic Calibration Results (Camera as reference frame):
 Hand-eye Calibration (only rotation based VINS-Mono)

Rotation Matrix (LiDAR to Camera):
 1  0  0
 0 -1  0
 0  0 -1
Translation Vector (LiDAR to Camera):
0 0 0
Scale:
1
LIDAR to CAMERA Extrinsic Calibration Results (Camera as reference frame):
 Hand-eye Calibration (only rotation based VINS-Mono)

Rotation Matrix (LiDAR to Camera):
1 0 0
0 1 0
0 0 1
Translation Vector (LiDAR to Camera):
0 0 0
Scale:
1
LIDAR to CAMERA Extrinsic Calibration Results (Camera as reference frame):
 Hand-eye Calibration (only rotation based VINS-Mono)

Rotation Matrix (LiDAR to Camera):
 1  0  0
 0 -1  0
 0  0 -1
Translation Vector (LiDAR to Camera):
0 0 0
Scale:
1
LIDAR to CAMERA Extrinsic Calibration Results (Camera as reference frame):
 Hand-eye Calibration (only rotation based VINS-Mono)

Rotation Matrix (LiDAR to Camera):
1 0 0
0 1 0
0 0 1
Translation Vector (LiDAR to Camera):
0 0 0
Scale:
1
LIDAR to CAMERA Extrinsic Calibration Results (Camera as reference frame):
 Hand-eye Calibration (only rotation based VINS-Mono)

Rotation Matrix (LiDAR to Camera):
  0.988049  -0.136907 -0.0708278
-0.0384339    0.22617  -0.973329
  0.149274   0.964419   0.218205
Translation Vector (LiDAR to Camera):
-0.00119228    0.100464  -0.0168759
Scale:
1
LIDAR to CAMERA Extrinsic Calibration Results (Camera as reference frame):
 Hand-eye Calibration (only rotation based VINS-Mono)

Rotation Matrix (LiDAR to Camera):
 -0.941151  -0.315619   0.120913
-0.0706971  -0.165999  -0.983588
   0.33051  -0.934253   0.133917
Translation Vector (LiDAR to Camera):
0.00597222    0.11384 -0.0123564
Scale:
1
LIDAR to CAMERA Extrinsic Calibration Results (Camera as reference frame):
 Hand-eye Calibration (only rotation based VINS-Mono)

Rotation Matrix (LiDAR to Camera):
  -0.162526   -0.984626   0.0640078
-0.00666738   -0.063773   -0.997942
   0.986682   -0.162619  0.00379991
Translation Vector (LiDAR to Camera):
  0.00844206    0.0725004 -0.000784856
Scale:
1
LIDAR to CAMERA Extrinsic Calibration Results (Camera as reference frame):
 Hand-eye Calibration (only rotation based VINS-Mono)

Rotation Matrix (LiDAR to Camera):
   -0.14539   -0.987081   0.0673231
-0.00604958  -0.0671579   -0.997724
   0.989356   -0.145467  0.00379267
Translation Vector (LiDAR to Camera):
0.00390313  0.0374906 -0.0033326
Scale:
1
LIDAR to CAMERA Extrinsic Calibration Results (Camera as reference frame):
 Hand-eye Calibration (only rotation based VINS-Mono)

Rotation Matrix (LiDAR to Camera):
 -0.0865234   -0.995694   0.0332687
-0.00798518  -0.0326997   -0.999433
   0.996218  -0.0867401  -0.0051215
Translation Vector (LiDAR to Camera):
  0.0051735   0.0631444 -0.00452897
Scale:
1
LIDAR to CAMERA Extrinsic Calibration Results (Camera as reference frame):
 Hand-eye Calibration (only rotation based VINS-Mono)

Rotation Matrix (LiDAR to Camera):
 0.0470238  -0.998356  0.0327853
-0.0193648 -0.0337266  -0.999243
  0.998706  0.0463534 -0.0209189
Translation Vector (LiDAR to Camera):
 0.00400682   0.0327349 -0.00468961
Scale:
1
LIDAR to CAMERA Extrinsic Calibration Results (Camera as reference frame):
 Hand-eye Calibration (only rotation based VINS-Mono)

Rotation Matrix (LiDAR to Camera):
  0.145767   -0.98924  0.0124606
-0.0190852 -0.0154046  -0.999699
  0.989135   0.145485 -0.0211253
Translation Vector (LiDAR to Camera):
 0.00462407   0.0274555 -0.00348075
Scale:
1
LIDAR to CAMERA Extrinsic Calibration Results (Camera as reference frame):
 Hand-eye Calibration (only rotation based VINS-Mono)

Rotation Matrix (LiDAR to Camera):
 0.0519474  -0.998454  0.0197822
-0.0151716 -0.0205957  -0.999673
  0.998535  0.0516303 -0.0162181
Translation Vector (LiDAR to Camera):
 0.00286673   0.0260356 -0.00523959
Scale:
1
LIDAR to CAMERA Extrinsic Calibration Results (Camera as reference frame):
 Hand-eye Calibration (only rotation based VINS-Mono)

Rotation Matrix (LiDAR to Camera):
 0.0264318  -0.999385  0.0230422
-0.0168801 -0.0234932  -0.999581
  0.999508  0.0260318 -0.0174907
Translation Vector (LiDAR to Camera):
 0.00332742   0.0235258 -0.00644545
Scale:
1
LIDAR to CAMERA Extrinsic Calibration Results (Camera as reference frame):
 Hand-eye Calibration (only rotation based VINS-Mono)

Rotation Matrix (LiDAR to Camera):
 -0.0649598   -0.997443   0.0298011
 -0.0101774  -0.0292004   -0.999522
   0.997836   -0.065232 -0.00825456
Translation Vector (LiDAR to Camera):
0.00468931  0.0178149 -0.0047747
Scale:
1
LIDAR to CAMERA Extrinsic Calibration Results (Camera as reference frame):
 Hand-eye Calibration (only rotation based VINS-Mono)

Rotation Matrix (LiDAR to Camera):
 -0.0572643   -0.997947   0.0286849
-0.00949249  -0.0281865   -0.999558
   0.998314  -0.0575112 -0.00785892
Translation Vector (LiDAR to Camera):
0.00288407  0.0135313 -0.0058425
Scale:
1
LIDAR to CAMERA Extrinsic Calibration Results (Camera as reference frame):
 Hand-eye Calibration (only rotation based VINS-Mono)

Rotation Matrix (LiDAR to Camera):
 0.0635738  -0.997838  0.0166512
-0.0209179 -0.0180137  -0.999619
  0.997758  0.0632013 -0.0220179
Translation Vector (LiDAR to Camera):
-3.9651e-05   0.0105379   -0.007005
Scale:
1
LIDAR to CAMERA Extrinsic Calibration Results (Camera as reference frame):
 Hand-eye Calibration (only rotation based VINS-Mono)

Rotation Matrix (LiDAR to Camera):
-0.0171191  -0.999532  0.0253405
-0.0123956 -0.0251301  -0.999607
  0.999777 -0.0174265 -0.0119596
Translation Vector (LiDAR to Camera):
  0.00108914 -0.000228788  -0.00421505
Scale:
1
LIDAR to CAMERA Extrinsic Calibration Results (Camera as reference frame):
 Hand-eye Calibration (only rotation based VINS-Mono)

Rotation Matrix (LiDAR to Camera):
 -0.017871  -0.999515   0.025519
-0.0116877 -0.0253125  -0.999611
  0.999772 -0.0181623 -0.0112297
Translation Vector (LiDAR to Camera):
-0.000830707 -0.000979612  -0.00527354
Scale:
1
LIDAR to CAMERA Extrinsic Calibration Results (Camera as reference frame):
 Hand-eye Calibration (only rotation based VINS-Mono)

Rotation Matrix (LiDAR to Camera):
   0.229469   -0.973292 -0.00689675
 -0.0370785 -0.00166072   -0.999311
   0.972609    0.229566  -0.0364693
Translation Vector (LiDAR to Camera):
-0.00257051  -0.0039669   -0.005503
Scale:
1
LIDAR to CAMERA Extrinsic Calibration Results (Camera as reference frame):
 Hand-eye Calibration (only rotation based VINS-Mono)

Rotation Matrix (LiDAR to Camera):
    0.195835    -0.980637 -0.000116051
  -0.0320812  -0.00628838    -0.999465
    0.980112     0.195734   -0.0326915
Translation Vector (LiDAR to Camera):
-0.00512604  -0.0088976 -0.00248586
Scale:
1
LIDAR to CAMERA Extrinsic Calibration Results (Camera as reference frame):
 Hand-eye Calibration (only rotation based VINS-Mono)

Rotation Matrix (LiDAR to Camera):
  0.110264  -0.993787  0.0151608
 -0.023789 -0.0178883  -0.999557
  0.993618   0.109855 -0.0256136
Translation Vector (LiDAR to Camera):
-0.00469124  -0.0175396 -0.00199473
Scale:
1
LIDAR to CAMERA Extrinsic Calibration Results (Camera as reference frame):
 Hand-eye Calibration (only rotation based VINS-Mono)

Rotation Matrix (LiDAR to Camera):
  0.135535  -0.990721  0.0101401
-0.0290755 -0.0142074  -0.999476
  0.990346   0.135169 -0.0307313
Translation Vector (LiDAR to Camera):
-0.00210856  -0.0180449 -0.00230685
Scale:
1
LIDAR to CAMERA Extrinsic Calibration Results (Camera as reference frame):
 Hand-eye Calibration (only rotation based VINS-Mono)

Rotation Matrix (LiDAR to Camera):
  0.133684   -0.99096   0.011218
-0.0310167 -0.0154978  -0.999399
  0.990538   0.133256 -0.0328081
Translation Vector (LiDAR to Camera):
 -0.00132161   -0.0240418 -0.000548784
Scale:
1
LIDAR to CAMERA Extrinsic Calibration Results (Camera as reference frame):
 Hand-eye Calibration (only rotation based VINS-Mono)

Rotation Matrix (LiDAR to Camera):
  0.157313  -0.987527 0.00650992
 -0.026762 -0.0108526  -0.999583
  0.987186   0.157073 -0.0281355
Translation Vector (LiDAR to Camera):
-0.00354351  -0.0285333  0.00176894
Scale:
1
LIDAR to CAMERA Extrinsic Calibration Results (Camera as reference frame):
 Hand-eye Calibration (only rotation based VINS-Mono)

Rotation Matrix (LiDAR to Camera):
    0.16869   -0.985668  0.00178803
 -0.0284238 -0.00667779   -0.999574
   0.985259    0.168567  -0.0291429
Translation Vector (LiDAR to Camera):
-0.00568557  -0.0288331  0.00121927
Scale:
1
LIDAR to CAMERA Extrinsic Calibration Results (Camera as reference frame):
 Hand-eye Calibration (only rotation based VINS-Mono)

Rotation Matrix (LiDAR to Camera):
  0.251246  -0.967872 -0.0100095
-0.0284543 0.00295115  -0.999591
  0.967505   0.251428 -0.0267987
Translation Vector (LiDAR to Camera):
-0.00639606  -0.0310619  0.00341825
Scale:
1
LIDAR to CAMERA Extrinsic Calibration Results (Camera as reference frame):
 Hand-eye Calibration (only rotation based VINS-Mono)

Rotation Matrix (LiDAR to Camera):
  0.137184  -0.990493  0.0101747
-0.0300096  -0.014423  -0.999446
  0.990091   0.136803 -0.0317029
Translation Vector (LiDAR to Camera):
-0.00640025   -0.032247  0.00354747
Scale:
1
LIDAR to CAMERA Extrinsic Calibration Results (Camera as reference frame):
 Hand-eye Calibration (only rotation based VINS-Mono)

Rotation Matrix (LiDAR to Camera):
  0.171921  -0.985072 0.00871498
-0.0299351 -0.0140667  -0.999453
  0.984656   0.171566 -0.0319066
Translation Vector (LiDAR to Camera):
-0.00711112  -0.0352098  0.00437812
Scale:
1
LIDAR to CAMERA Extrinsic Calibration Results (Camera as reference frame):
 Hand-eye Calibration (only rotation based VINS-Mono)

Rotation Matrix (LiDAR to Camera):
  0.153478  -0.988133 0.00609211
  -0.02797 -0.0105069  -0.999554
  0.987756   0.153239 -0.0292506
Translation Vector (LiDAR to Camera):
-0.00813928  -0.0358749  0.00559134
Scale:
1
LIDAR to CAMERA Extrinsic Calibration Results (Camera as reference frame):
 Hand-eye Calibration (only rotation based VINS-Mono)

Rotation Matrix (LiDAR to Camera):
   0.145515   -0.989344  0.00478074
 -0.0273089 -0.00884688   -0.999588
   0.988979    0.145324  -0.0283052
Translation Vector (LiDAR to Camera):
-0.00889132  -0.0365352  0.00512509
Scale:
1
LIDAR to CAMERA Extrinsic Calibration Results (Camera as reference frame):
 Hand-eye Calibration (only rotation based VINS-Mono)

Rotation Matrix (LiDAR to Camera):
   0.116507    -0.99319 0.000685097
 -0.0226058  -0.0033414   -0.999739
   0.992933    0.116461  -0.0228411
Translation Vector (LiDAR to Camera):
-0.0118284 -0.0390777 0.00771009
Scale:
1
LIDAR to CAMERA Extrinsic Calibration Results (Camera as reference frame):
 Hand-eye Calibration (only rotation based VINS-Mono)

Rotation Matrix (LiDAR to Camera):
  0.124004  -0.992272 0.00434435
-0.0249598 -0.0074959   -0.99966
  0.991968   0.123853 -0.0256964
Translation Vector (LiDAR to Camera):
 -0.012046 -0.0388307 0.00785903
Scale:
1
LIDAR to CAMERA Extrinsic Calibration Results (Camera as reference frame):
 Hand-eye Calibration (only rotation based VINS-Mono)

Rotation Matrix (LiDAR to Camera):
   0.100949   -0.994877  0.00544836
 -0.0235667 -0.00786601   -0.999691
   0.994612    0.100789    -0.02424
Translation Vector (LiDAR to Camera):
-0.00961399  -0.0416916  0.00874505
Scale:
1
LIDAR to CAMERA Extrinsic Calibration Results (Camera as reference frame):
 Hand-eye Calibration (only rotation based VINS-Mono)

Rotation Matrix (LiDAR to Camera):
  0.0290248    -0.99956  0.00618379
 -0.0109675 -0.00650448   -0.999919
   0.999519   0.0289546  -0.0111515
Translation Vector (LiDAR to Camera):
-0.00685302   -0.041722   0.0106171
Scale:
1
LIDAR to CAMERA Extrinsic Calibration Results (Camera as reference frame):
 Hand-eye Calibration (only rotation based VINS-Mono)

Rotation Matrix (LiDAR to Camera):
   0.045258   -0.998951  0.00701812
 -0.0096546 -0.00746238   -0.999926
   0.998929   0.0451869  -0.0099822
Translation Vector (LiDAR to Camera):
-0.00378874  -0.0407778   0.0101431
Scale:
1
LIDAR to CAMERA Extrinsic Calibration Results (Camera as reference frame):
 Hand-eye Calibration (only rotation based VINS-Mono)

Rotation Matrix (LiDAR to Camera):
  0.0620615    -0.99806  0.00495945
 -0.0142833 -0.00585666   -0.999881
    0.99797   0.0619833  -0.0146191
Translation Vector (LiDAR to Camera):
-0.00109735  -0.0331826  0.00862417
Scale:
1
LIDAR to CAMERA Extrinsic Calibration Results (Camera as reference frame):
 Hand-eye Calibration (only rotation based VINS-Mono)

Rotation Matrix (LiDAR to Camera):
 -0.00292677    -0.999942    0.0104089
-0.000950863   -0.0104062    -0.999945
    0.999995  -0.00293651 -0.000920351
Translation Vector (LiDAR to Camera):
-0.00102748  -0.0369665   0.0106859
Scale:
1
LIDAR to CAMERA Extrinsic Calibration Results (Camera as reference frame):
 Hand-eye Calibration (only rotation based VINS-Mono)

Rotation Matrix (LiDAR to Camera):
  0.0144019   -0.999851  0.00950317
-0.00452477 -0.00956923   -0.999944
   0.999886   0.0143581 -0.00466191
Translation Vector (LiDAR to Camera):
-0.00113734  -0.0422041   0.0096527
Scale:
1
LIDAR to CAMERA Extrinsic Calibration Results (Camera as reference frame):
 Hand-eye Calibration (only rotation based VINS-Mono)

Rotation Matrix (LiDAR to Camera):
  0.0132831   -0.999854   0.0107105
-0.00347278  -0.0107575   -0.999936
   0.999906   0.0132451 -0.00361517
Translation Vector (LiDAR to Camera):
-0.00147558  -0.0408228  0.00762982
Scale:
1
LIDAR to CAMERA Extrinsic Calibration Results (Camera as reference frame):
 Hand-eye Calibration (only rotation based VINS-Mono)

Rotation Matrix (LiDAR to Camera):
  0.0236354   -0.999711  0.00433973
-0.00809303 -0.00453214   -0.999957
   0.999688   0.0235993 -0.00819782
Translation Vector (LiDAR to Camera):
-0.00244746  -0.0416492  0.00575588
Scale:
1
LIDAR to CAMERA Extrinsic Calibration Results (Camera as reference frame):
 Hand-eye Calibration (only rotation based VINS-Mono)

Rotation Matrix (LiDAR to Camera):
  0.0121097   -0.999916  0.00465771
-0.00197783 -0.00468199   -0.999987
   0.999925   0.0121004 -0.00203436
Translation Vector (LiDAR to Camera):
-0.00359926  -0.0413482   0.0065568
Scale:
1
LIDAR to CAMERA Extrinsic Calibration Results (Camera as reference frame):
 Hand-eye Calibration (only rotation based VINS-Mono)

Rotation Matrix (LiDAR to Camera):
 -0.00240816    -0.999954   0.00932224
 -7.9402e-05  -0.00932208    -0.999957
    0.999997  -0.00240879 -5.69493e-05
Translation Vector (LiDAR to Camera):
-0.00228768  -0.0400437  0.00221022
Scale:
1
LIDAR to CAMERA Extrinsic Calibration Results (Camera as reference frame):
 Hand-eye Calibration (only rotation based VINS-Mono)

Rotation Matrix (LiDAR to Camera):
-0.00754013    -0.99992   0.0101378
 0.00171963  -0.0101511   -0.999947
    0.99997  -0.0075223  0.00179603
Translation Vector (LiDAR to Camera):
-0.00228044  -0.0399999  0.00342147
Scale:
1
LIDAR to CAMERA Extrinsic Calibration Results (Camera as reference frame):
 Hand-eye Calibration (only rotation based VINS-Mono)

Rotation Matrix (LiDAR to Camera):
 -0.0200032   -0.999753  0.00970389
 0.00413531 -0.00978848   -0.999944
   0.999791  -0.0199619  0.00433009
Translation Vector (LiDAR to Camera):
-0.00214275  -0.0378406  0.00726991
Scale:
1
LIDAR to CAMERA Extrinsic Calibration Results (Camera as reference frame):
 Hand-eye Calibration (only rotation based VINS-Mono)

Rotation Matrix (LiDAR to Camera):
 0.00956959   -0.999902   0.0102518
-0.00208697  -0.0102722   -0.999945
   0.999952  0.00954766 -0.00218507
Translation Vector (LiDAR to Camera):
-0.00290743  -0.0326466  0.00697593
Scale:
1
LIDAR to CAMERA Extrinsic Calibration Results (Camera as reference frame):
 Hand-eye Calibration (only rotation based VINS-Mono)

Rotation Matrix (LiDAR to Camera):
  0.0147275   -0.999786   0.0145439
-0.00173443   -0.014571   -0.999892
    0.99989   0.0147007 -0.00194865
Translation Vector (LiDAR to Camera):
 0.0025924 -0.0270543 0.00491466
Scale:
1
LIDAR to CAMERA Extrinsic Calibration Results (Camera as reference frame):
 Hand-eye Calibration (only rotation based VINS-Mono)

Rotation Matrix (LiDAR to Camera):
 -0.125096  -0.991799  0.0261951
0.00926331 -0.0275689  -0.999577
  0.992101  -0.124801  0.0126361
Translation Vector (LiDAR to Camera):
-9.6458e-06  -0.0205587   0.0108736
Scale:
1
LIDAR to CAMERA Extrinsic Calibration Results (Camera as reference frame):
 Hand-eye Calibration (only rotation based VINS-Mono)

Rotation Matrix (LiDAR to Camera):
 -0.122504  -0.992082  0.0276595
0.00862193 -0.0289322  -0.999544
  0.992431   -0.12221   0.012098
Translation Vector (LiDAR to Camera):
  0.002337  -0.014321 0.00179449
Scale:
1
LIDAR to CAMERA Extrinsic Calibration Results (Camera as reference frame):
 Hand-eye Calibration (only rotation based VINS-Mono)

Rotation Matrix (LiDAR to Camera):
 -0.115795  -0.992916  0.0266189
0.00944651 -0.0278988  -0.999566
  0.993228  -0.115493  0.0126101
Translation Vector (LiDAR to Camera):
-0.00227275 -0.00717903  0.00683031
Scale:
1
LIDAR to CAMERA Extrinsic Calibration Results (Camera as reference frame):
 Hand-eye Calibration (only rotation based VINS-Mono)

Rotation Matrix (LiDAR to Camera):
 -0.116616  -0.992833  0.0261426
0.00927101 -0.0274092  -0.999581
  0.993134  -0.116325  0.0124009
Translation Vector (LiDAR to Camera):
0.000434366 -0.00356681  0.00101528
Scale:
1
LIDAR to CAMERA Extrinsic Calibration Results (Camera as reference frame):
 Hand-eye Calibration (only rotation based VINS-Mono)

Rotation Matrix (LiDAR to Camera):
 -0.109572  -0.993663  0.0250679
0.00833093 -0.0261369  -0.999624
  0.993944  -0.109321   0.011142
Translation Vector (LiDAR to Camera):
0.00104595 0.00197803 0.00220434
Scale:
1
LIDAR to CAMERA Extrinsic Calibration Results (Camera as reference frame):
 Hand-eye Calibration (only rotation based VINS-Mono)

Rotation Matrix (LiDAR to Camera):
 -0.113202  -0.993253  0.0251847
0.00878621 -0.0263474  -0.999614
  0.993533  -0.112937  0.0117095
Translation Vector (LiDAR to Camera):
 0.00208646  0.00614055 -0.00227882
Scale:
1
LIDAR to CAMERA Extrinsic Calibration Results (Camera as reference frame):
 Hand-eye Calibration (only rotation based VINS-Mono)

Rotation Matrix (LiDAR to Camera):
  -0.11983   -0.99242  0.0272732
 0.0102412 -0.0287054  -0.999535
  0.992742  -0.119495  0.0136033
Translation Vector (LiDAR to Camera):
0.000399461    0.013119 -0.00146495
Scale:
1
LIDAR to CAMERA Extrinsic Calibration Results (Camera as reference frame):
 Hand-eye Calibration (only rotation based VINS-Mono)

Rotation Matrix (LiDAR to Camera):
 -0.124072  -0.991922  0.0264002
 0.0100137 -0.0278561  -0.999562
  0.992223  -0.123753   0.013389
Translation Vector (LiDAR to Camera):
0.000420826    0.015682 -0.00360672
Scale:
1
LIDAR to CAMERA Extrinsic Calibration Results (Camera as reference frame):
 Hand-eye Calibration (only rotation based VINS-Mono)

Rotation Matrix (LiDAR to Camera):
 -0.127402  -0.991502  0.0263158
 0.0106334 -0.0278958  -0.999554
  0.991794  -0.127065   0.014097
Translation Vector (LiDAR to Camera):
-0.00116585   0.0208242 -0.00325415
Scale:
1
LIDAR to CAMERA Extrinsic Calibration Results (Camera as reference frame):
 Hand-eye Calibration (only rotation based VINS-Mono)

Rotation Matrix (LiDAR to Camera):
 -0.103417  -0.994299  0.0259545
0.00914839 -0.0270442  -0.999592
  0.994596  -0.103138  0.0118931
Translation Vector (LiDAR to Camera):
0.000909244   0.0258682 -0.00808217
Scale:
1
LIDAR to CAMERA Extrinsic Calibration Results (Camera as reference frame):
 Hand-eye Calibration (only rotation based VINS-Mono)

Rotation Matrix (LiDAR to Camera):
 -0.100379  -0.994638  0.0248757
0.00784541 -0.0257924  -0.999637
  0.994918  -0.100148  0.0103924
Translation Vector (LiDAR to Camera):
-4.4663e-05   0.0283617 -0.00674581
Scale:
1
LIDAR to CAMERA Extrinsic Calibration Results (Camera as reference frame):
 Hand-eye Calibration (only rotation based VINS-Mono)

Rotation Matrix (LiDAR to Camera):
 -0.116876  -0.992795  0.0264053
 0.0120909 -0.0280079  -0.999535
  0.993073  -0.116502  0.0152772
Translation Vector (LiDAR to Camera):
0.000810697   0.0317402 -0.00724596
Scale:
1
LIDAR to CAMERA Extrinsic Calibration Results (Camera as reference frame):
 Hand-eye Calibration (only rotation based VINS-Mono)

Rotation Matrix (LiDAR to Camera):
 -0.109419  -0.993673  0.0253237
 0.0100274 -0.0265789  -0.999596
  0.993945  -0.109121  0.0128722
Translation Vector (LiDAR to Camera):
0.000760889   0.0357914  -0.0042347
Scale:
1
LIDAR to CAMERA Extrinsic Calibration Results (Camera as reference frame):
 Hand-eye Calibration (only rotation based VINS-Mono)

Rotation Matrix (LiDAR to Camera):
 -0.104733  -0.994198  0.0245162
0.00866743 -0.0255634  -0.999636
  0.994463  -0.104483  0.0112945
Translation Vector (LiDAR to Camera):
 0.00112344   0.0383989 -0.00461352
Scale:
1
LIDAR to CAMERA Extrinsic Calibration Results (Camera as reference frame):
 Hand-eye Calibration (only rotation based VINS-Mono)

Rotation Matrix (LiDAR to Camera):
 -0.121283  -0.992194  0.0290069
 0.0103519 -0.0304853  -0.999482
  0.992564   -0.12092  0.0139684
Translation Vector (LiDAR to Camera):
-0.00128548   0.0428381 -0.00259038
Scale:
1
LIDAR to CAMERA Extrinsic Calibration Results (Camera as reference frame):
 Hand-eye Calibration (only rotation based VINS-Mono)

Rotation Matrix (LiDAR to Camera):
 -0.115699  -0.992955  0.0255739
 0.0109267 -0.0270175  -0.999575
  0.993224   -0.11537  0.0139756
Translation Vector (LiDAR to Camera):
-0.000244928    0.0429286  -0.00333365
Scale:
1
LIDAR to CAMERA Extrinsic Calibration Results (Camera as reference frame):
 Hand-eye Calibration (only rotation based VINS-Mono)

Rotation Matrix (LiDAR to Camera):
 -0.102267  -0.994485  0.0232727
0.00782045 -0.0241984  -0.999677
  0.994726  -0.102052   0.010252
Translation Vector (LiDAR to Camera):
0.000479551    0.044536 -0.00326813
Scale:
1
LIDAR to CAMERA Extrinsic Calibration Results (Camera as reference frame):
 Hand-eye Calibration (only rotation based VINS-Mono)

Rotation Matrix (LiDAR to Camera):
 -0.109627  -0.993714    0.02269
 0.0103342 -0.0239658  -0.999659
  0.993919  -0.109355  0.0128965
Translation Vector (LiDAR to Camera):
-0.000925005    0.0462434  -0.00359329
Scale:
1
LIDAR to CAMERA Extrinsic Calibration Results (Camera as reference frame):
 Hand-eye Calibration (only rotation based VINS-Mono)

Rotation Matrix (LiDAR to Camera):
 -0.108903  -0.993808  0.0220465
 0.0105544 -0.0233332  -0.999672
  0.993996  -0.108635  0.0130301
Translation Vector (LiDAR to Camera):
-0.000577711    0.0455442  -0.00327414
Scale:
1
LIDAR to CAMERA Extrinsic Calibration Results (Camera as reference frame):
 Hand-eye Calibration (only rotation based VINS-Mono)

Rotation Matrix (LiDAR to Camera):
-0.0997565  -0.994815  0.0197775
0.00874061  -0.020752  -0.999746
  0.994973 -0.0995583  0.0107654
Translation Vector (LiDAR to Camera):
0.000303252   0.0452204 -0.00408756
Scale:
1
LIDAR to CAMERA Extrinsic Calibration Results (Camera as reference frame):
 Hand-eye Calibration (only rotation based VINS-Mono)

Rotation Matrix (LiDAR to Camera):
-0.0987681    -0.9949   0.020466
0.00863278 -0.0214225  -0.999733
  0.995073 -0.0985651  0.0107046
Translation Vector (LiDAR to Camera):
-0.00115752   0.0354839 -0.00550291
Scale:
1
LIDAR to CAMERA Extrinsic Calibration Results (Camera as reference frame):
 Hand-eye Calibration (only rotation based VINS-Mono)

Rotation Matrix (LiDAR to Camera):
-0.0891907  -0.995798  0.0207538
0.00616805 -0.0213886  -0.999752
  0.995995 -0.0890405  0.0080498
Translation Vector (LiDAR to Camera):
 0.00135794   0.0401264 -0.00726365
Scale:
1
LIDAR to CAMERA Extrinsic Calibration Results (Camera as reference frame):
 Hand-eye Calibration (only rotation based VINS-Mono)

Rotation Matrix (LiDAR to Camera):
-0.0910829  -0.995629  0.0206681
0.00676178 -0.0213722  -0.999749
   0.99582 -0.0909202 0.00867887
Translation Vector (LiDAR to Camera):
 0.00243803   0.0405124 -0.00800588
Scale:
1
LIDAR to CAMERA Extrinsic Calibration Results (Camera as reference frame):
 Hand-eye Calibration (only rotation based VINS-Mono)

Rotation Matrix (LiDAR to Camera):
-0.0996978  -0.994845   0.018536
0.00765439 -0.0193951  -0.999783
  0.994988 -0.0995342 0.00954857
Translation Vector (LiDAR to Camera):
 0.00448856   0.0384706 -0.00673313
Scale:
1
LIDAR to CAMERA Extrinsic Calibration Results (Camera as reference frame):
 Hand-eye Calibration (only rotation based VINS-Mono)

Rotation Matrix (LiDAR to Camera):
-0.0788621  -0.996693  0.0196113
0.00688182 -0.0202164  -0.999772
  0.996862 -0.0787092 0.00845336
Translation Vector (LiDAR to Camera):
 0.00485062   0.0364479 -0.00752575
Scale:
1
LIDAR to CAMERA Extrinsic Calibration Results (Camera as reference frame):
 Hand-eye Calibration (only rotation based VINS-Mono)

Rotation Matrix (LiDAR to Camera):
 -0.148338  -0.988666  0.0231343
0.00731831 -0.0244899  -0.999673
   0.98891   -0.14812  0.0108682
Translation Vector (LiDAR to Camera):
0.0175706 0.0660795 -0.010867
Scale:
1
LIDAR to CAMERA Extrinsic Calibration Results (Camera as reference frame):
 Hand-eye Calibration (only rotation based VINS-Mono)

Rotation Matrix (LiDAR to Camera):
 -0.131965  -0.990985  0.0230962
0.00563169 -0.0240491  -0.999695
  0.991238  -0.131795 0.00875456
Translation Vector (LiDAR to Camera):
 0.00393563   0.0322059 -0.00850441
Scale:
1
LIDAR to CAMERA Extrinsic Calibration Results (Camera as reference frame):
 Hand-eye Calibration (only rotation based VINS-Mono)

Rotation Matrix (LiDAR to Camera):
 -0.120698  -0.992473  0.0207325
0.00742345  -0.021787  -0.999735
  0.992662  -0.120512 0.00999721
Translation Vector (LiDAR to Camera):
 0.00515041   0.0298124 -0.00511068
Scale:
1
LIDAR to CAMERA Extrinsic Calibration Results (Camera as reference frame):
 Hand-eye Calibration (only rotation based VINS-Mono)

Rotation Matrix (LiDAR to Camera):
 -0.116176   -0.99293  0.0243479
0.00434987 -0.0250223  -0.999677
  0.993219  -0.116033 0.00722611
Translation Vector (LiDAR to Camera):
 0.00614114   0.0256347 -0.00601923
Scale:
1
LIDAR to CAMERA Extrinsic Calibration Results (Camera as reference frame):
 Hand-eye Calibration (only rotation based VINS-Mono)

Rotation Matrix (LiDAR to Camera):
  -0.12264   -0.99213  0.0252534
0.00401964 -0.0259418  -0.999655
  0.992443  -0.122497 0.00716952
Translation Vector (LiDAR to Camera):
 0.00626071    0.027616 -0.00620698
Scale:
1
LIDAR to CAMERA Extrinsic Calibration Results (Camera as reference frame):
 Hand-eye Calibration (only rotation based VINS-Mono)

Rotation Matrix (LiDAR to Camera):
 -0.110257  -0.993687  0.0207392
0.00607599 -0.0215399   -0.99975
  0.993885  -0.110103 0.00841254
Translation Vector (LiDAR to Camera):
 0.00396984   0.0243002 -0.00326834
Scale:
1
LIDAR to CAMERA Extrinsic Calibration Results (Camera as reference frame):
 Hand-eye Calibration (only rotation based VINS-Mono)

Rotation Matrix (LiDAR to Camera):
 -0.110552  -0.993659   0.020483
0.00653876 -0.0213361  -0.999751
  0.993849   -0.11039 0.00885604
Translation Vector (LiDAR to Camera):
0.00179036  0.0224457 -0.0029851
Scale:
1
LIDAR to CAMERA Extrinsic Calibration Results (Camera as reference frame):
 Hand-eye Calibration (only rotation based VINS-Mono)

Rotation Matrix (LiDAR to Camera):
 -0.106988  -0.994078  0.0190283
0.00769883 -0.0199658  -0.999771
  0.994231  -0.106817 0.00978934
Translation Vector (LiDAR to Camera):
  0.0026478   0.0189947 -0.00268904
Scale:
1
LIDAR to CAMERA Extrinsic Calibration Results (Camera as reference frame):
 Hand-eye Calibration (only rotation based VINS-Mono)

Rotation Matrix (LiDAR to Camera):
 -0.109593  -0.993788  0.0193547
0.00746447 -0.0202943  -0.999766
  0.993949  -0.109423 0.00964221
Translation Vector (LiDAR to Camera):
  0.00286281    0.0151347 -0.000974377
Scale:
1
LIDAR to CAMERA Extrinsic Calibration Results (Camera as reference frame):
 Hand-eye Calibration (only rotation based VINS-Mono)

Rotation Matrix (LiDAR to Camera):
 -0.105688   -0.99422  0.0189049
0.00742677    -0.0198  -0.999776
  0.994372  -0.105524 0.00947646
Translation Vector (LiDAR to Camera):
  0.00409121    0.0125553 -0.000901601
Scale:
1
LIDAR to CAMERA Extrinsic Calibration Results (Camera as reference frame):
 Hand-eye Calibration (only rotation based VINS-Mono)

Rotation Matrix (LiDAR to Camera):
 -0.105025  -0.994293  0.0187341
0.00745175 -0.0196246   -0.99978
  0.994442  -0.104862  0.0094703
Translation Vector (LiDAR to Camera):
  0.00182413   0.00980005 -0.000880974
Scale:
1
LIDAR to CAMERA Extrinsic Calibration Results (Camera as reference frame):
 Hand-eye Calibration (only rotation based VINS-Mono)

Rotation Matrix (LiDAR to Camera):
 -0.106594  -0.994123  0.0188902
0.00751925 -0.0198038  -0.999776
  0.994274  -0.106428 0.00958602
Translation Vector (LiDAR to Camera):
0.00330599 0.00740299  -0.001365
Scale:
1
LIDAR to CAMERA Extrinsic Calibration Results (Camera as reference frame):
 Hand-eye Calibration (only rotation based VINS-Mono)

Rotation Matrix (LiDAR to Camera):
 -0.104647  -0.994335  0.0186331
0.00739132 -0.0195131  -0.999782
  0.994482  -0.104486 0.00939143
Translation Vector (LiDAR to Camera):
  0.00127164   0.00109875 -0.000641018
Scale:
1
LIDAR to CAMERA Extrinsic Calibration Results (Camera as reference frame):
 Hand-eye Calibration (only rotation based VINS-Mono)

Rotation Matrix (LiDAR to Camera):
 -0.103002  -0.994513  0.0183106
0.00731865 -0.0191658   -0.99979
  0.994654  -0.102846  0.0092526
Translation Vector (LiDAR to Camera):
-0.00241363 -0.00318111 0.000700766
Scale:
1
LIDAR to CAMERA Extrinsic Calibration Results (Camera as reference frame):
 Hand-eye Calibration (only rotation based VINS-Mono)

Rotation Matrix (LiDAR to Camera):
-0.0815095  -0.996563  0.0147533
0.00627678 -0.0153155  -0.999863
  0.996653 -0.0814057 0.00750357
Translation Vector (LiDAR to Camera):
 -0.00820266   -0.0194061 -0.000209042
Scale:
1
LIDAR to CAMERA Extrinsic Calibration Results (Camera as reference frame):
 Hand-eye Calibration (only rotation based VINS-Mono)

Rotation Matrix (LiDAR to Camera):
-0.0871793  -0.996074  0.0153492
0.00617852 -0.0159482  -0.999854
  0.996173 -0.0870717 0.00754461
Translation Vector (LiDAR to Camera):
 -0.00519052   -0.0182694 -0.000138488
Scale:
1
LIDAR to CAMERA Extrinsic Calibration Results (Camera as reference frame):
 Hand-eye Calibration (only rotation based VINS-Mono)

Rotation Matrix (LiDAR to Camera):
-0.0788008   -0.99679  0.0141136
0.00600407 -0.0146319  -0.999875
  0.996872 -0.0787062  0.0071378
Translation Vector (LiDAR to Camera):
 -0.00618929   -0.0202457 -0.000353621
Scale:
1
LIDAR to CAMERA Extrinsic Calibration Results (Camera as reference frame):
 Hand-eye Calibration (only rotation based VINS-Mono)

Rotation Matrix (LiDAR to Camera):
 -0.0473096   -0.998833  0.00969036
 0.00559184 -0.00996591   -0.999935
   0.998865  -0.0472524   0.0060568
Translation Vector (LiDAR to Camera):
  -0.013794   -0.047844 -0.00265342
Scale:
1
LIDAR to CAMERA Extrinsic Calibration Results (Camera as reference frame):
 Hand-eye Calibration (only rotation based VINS-Mono)

Rotation Matrix (LiDAR to Camera):
-0.0650798  -0.997789  0.0134951
0.00644353 -0.0139437  -0.999882
  0.997859 -0.0649852 0.00733673
Translation Vector (LiDAR to Camera):
-0.00806165  -0.0314414 5.23628e-05
Scale:
1
LIDAR to CAMERA Extrinsic Calibration Results (Camera as reference frame):
 Hand-eye Calibration (only rotation based VINS-Mono)

Rotation Matrix (LiDAR to Camera):
-0.0666687  -0.997676  0.0140468
0.00660465 -0.0145191  -0.999873
  0.997753 -0.0665674 0.00755727
Translation Vector (LiDAR to Camera):
-0.00680009  -0.0322708  0.00124878
Scale:
1
LIDAR to CAMERA Extrinsic Calibration Results (Camera as reference frame):
 Hand-eye Calibration (only rotation based VINS-Mono)

Rotation Matrix (LiDAR to Camera):
-0.0595542  -0.998158  0.0115365
0.00710655 -0.0119806  -0.999903
    0.9982 -0.0594664 0.00780696
Translation Vector (LiDAR to Camera):
-0.00632779  -0.0337432  0.00352844
Scale:
1
LIDAR to CAMERA Extrinsic Calibration Results (Camera as reference frame):
 Hand-eye Calibration (only rotation based VINS-Mono)

Rotation Matrix (LiDAR to Camera):
-0.0608331  -0.998082  0.0115105
0.00674118 -0.0119424  -0.999906
  0.998125 -0.0607498 0.00745474
Translation Vector (LiDAR to Camera):
 -0.005074 -0.0347711 0.00532957
Scale:
1
LIDAR to CAMERA Extrinsic Calibration Results (Camera as reference frame):
 Hand-eye Calibration (only rotation based VINS-Mono)

Rotation Matrix (LiDAR to Camera):
-0.0596028  -0.998146  0.0123187
0.00600786 -0.0126991  -0.999901
  0.998204 -0.0595229 0.00675363
Translation Vector (LiDAR to Camera):
-0.00627479  -0.0346741  0.00680055
Scale:
1
LIDAR to CAMERA Extrinsic Calibration Results (Camera as reference frame):
 Hand-eye Calibration (only rotation based VINS-Mono)

Rotation Matrix (LiDAR to Camera):
-0.0560343   -0.99835  0.0125438
 0.0059946 -0.0128997  -0.999899
  0.998411 -0.0559534 0.00670754
Translation Vector (LiDAR to Camera):
-0.00515436  -0.0352755  0.00732452
Scale:
1
LIDAR to CAMERA Extrinsic Calibration Results (Camera as reference frame):
 Hand-eye Calibration (only rotation based VINS-Mono)

Rotation Matrix (LiDAR to Camera):
 -0.0717255   -0.997388  0.00857421
 0.00561535 -0.00900001   -0.999944
   0.997409  -0.0716734  0.00624621
Translation Vector (LiDAR to Camera):
-0.0135466 -0.0587367 0.00776088
Scale:
1
LIDAR to CAMERA Extrinsic Calibration Results (Camera as reference frame):
 Hand-eye Calibration (only rotation based VINS-Mono)

Rotation Matrix (LiDAR to Camera):
-0.0453878  -0.998933 0.00851318
0.00312075 -0.0086637  -0.999958
  0.998965 -0.0453593 0.00351064
Translation Vector (LiDAR to Camera):
-0.00226538  -0.0589741   0.0164514
Scale:
1
LIDAR to CAMERA Extrinsic Calibration Results (Camera as reference frame):
